Sat1.A1ModJulian          Sat1.EarthMJ2000Eq.X      Sat1.EarthMJ2000Eq.Y      Sat1.EarthMJ2000Eq.Z      Sat1.EarthMJ2000Eq.VX     Sat1.EarthMJ2000Eq.VY     Sat1.EarthMJ2000Eq.VZ     Sat1.ElapsedSecs          
30538.00005826831         7095.872663892587         -2.522824906894015e-11    1299.244290571876         -0.03296818404160162      7.355020881374159         0.9946466850481761        0                         
30538.00017400905         7095.165953133936         73.54890275050872         1309.121365803234         -0.1083650086496992       7.354629453576782         0.9807522468055823        10.00000013737008         
30538.00049415077         7089.287564346945         276.9223243115396         1335.712500660554         -0.316590089413681        7.349483463105366         0.9418252995949458        37.66024445649236         
30538.00141205143         7040.616159357943         858.2170564508154         1405.865928736688         -0.9096826034915162       7.30185043888721          0.8264522893989398        116.9668617309071         
30538.0025455833          6916.13451763089          1567.804508842584         1479.554899633741         -1.629570367371381        7.176745231564571         0.6772411716493963        214.9040156509727         
30538.00370528707         6716.803917306265         2277.407094987419         1539.500959056594         -2.345006378732987        6.974985816890038         0.5184016190393763        315.1024213875644         
30538.00415410399         6620.627013608804         2546.025201431532         1558.387962020205         -2.614666664931529        6.877464914841022         0.4556068738086795        353.8802030961961         
30538.00457634302         6520.676726531725         2795.103797518029         1573.923204344283         -2.864135749117777        6.776072059684187         0.3959921609554461        390.3616550378501         
30538.0050194256          6406.095016047333         3052.314139453728         1587.877675099221         -3.121163296457487        6.659807494889964         0.3329644478680877        428.6439905175939         
30538.00606179439         6098.494041500145         3638.444554348017         1611.137877946619         -3.704615361868557        6.347649809297798         0.1833245606039992        518.7046538922004         
30538.00722285577         5695.873371143888         4255.241250979773         1621.118501443641         -4.315077092470118        5.939121198295564         0.01560792377563996       619.0203571342863         
30538.00839462933         5229.809477959401         4833.084624436707         1614.145723638267         -4.883479084191928        5.466347177910959         -0.1531239579990566       720.2615922200494         
30538.00957745358         4703.693766017809         5364.916597886902         1589.882404847943         -5.403268452101992        4.932757563840273         -0.3211968765196216       822.4576080101542         
30538.01075961688         4127.773284593361         5839.319248568587         1548.657695766518         -5.86371703754335         4.348636185609778         -0.4852377267640192       924.5965169509873         
30538.01194003943         3508.964795292013         6251.165604396982         1491.045430983988         -6.26030155218734         3.720796239346238         -0.6434853769056212       1026.585025317036         
30538.01311316461         2857.242283894331         6595.053223280928         1418.143755935183         -6.588242110906644        3.059077469010004         -0.7937203065922626       1127.943040849641         
30538.01427028957         2185.218158038898         6866.96321779             1331.723797574576         -6.844121327067695        2.375959329988592         -0.9336148958862637       1227.918637369294         
30538.015454953           1474.334856283589         7073.292862050855         1229.250033637412         -7.034127918100435        1.652161359922228         -1.066923606941766        1330.273557384498         
30538.01659132246         777.6354786999322         7200.714452387249         1118.652207272932         -7.146271120733192        0.9413010515338687        -1.184149912766701        1428.455879143439         
30538.01777013615         46.98058893552029         7258.57651663359          992.3653448325915         -7.188889651210853        0.193813030130114         -1.293558716753698        1530.305382027291         
30538.0188725475          -636.9144046364659        7243.607182980196         864.7674737773558         -7.160327555859265        -0.5080623932026671       -1.383667309599867        1625.553722516634         
30538.02003757277         -1353.14412129116         7155.269557130813         721.267328891296          -7.058340493385924        -1.245888817257097        -1.465141947166553        1726.211905607488         
30538.02121187084         -2060.934210096813        6991.578904020315         569.0855245521232         -6.88156318519024         -1.978342684619258        -1.532114366767346        1827.671259292401         
30538.02238378851         -2745.71117812392         6755.010130156792         411.2381256224816         -6.632446345238814        -2.690754502706787        -1.583041139154938        1928.924945276231         
30538.02356172527         -3404.951912687775        6445.794024899088         248.2241338093126         -6.310896374949515        -3.380839885617783        -1.617593748243277        2030.698681308422         
30538.02473899271         -4027.607209420026        6068.210542823122         82.65777300857539         -5.920970218905821        -4.037308886087864        -1.634984467789397        2132.414588180836         
30538.02591183967         -4605.16851351268         5627.618130214591         -83.16700505281426        -5.467735464683246        -4.651318437398976        -1.634944823400372        2233.748565672431         
30538.02708537908         -5133.990475322053        5126.79992313085          -248.1987486345027        -4.953575243216807        -5.219036137095578        -1.617393626461319        2335.142370464746         
30538.02826329884         -5609.458664622652        4568.88521351385          -411.1610819189668        -4.381228337356197        -5.735521671737533        -1.582164899673151        2436.914638301823         
30538.02942693111         -6019.392848655621        3969.026028725175         -567.75853287411          -3.765780525644781        -6.187340680070951        -1.530212396709785        2537.452465854585         
30538.03058294712         -6363.149482150966        3331.215300437008         -717.3278299667985        -3.110923330401658        -6.573373734800378        -1.462065066003619        2637.332249677274         
30538.03175720774         -6643.402973543317        2647.309079771067         -861.4593486974236        -2.407928706103143        -6.896461473625396        -1.376503369920981        2738.788366795052         
30538.03284443798         -6837.905331177765        1988.011876271889         -986.4857040116984        -1.729284874352828        -7.129763962114366        -1.283231899002685        2832.725059613585         
30538.03397574758         -6971.518775816521        1282.094792827086         -1106.619175788761        -1.001540016232057        -7.302053133922842        -1.172636811882399        2930.470209696796         
30538.03499234137         -7030.270877871156        636.2713082971471         -1204.842252871415        -0.3347198744395874       -7.393379906130193        -1.062268909637643        3018.303912773263         
30538.03599913891         -7030.412504641837        -8.594002996849539        -1292.147359411137        0.3320643251468345        -7.423111829559951        -0.9435483467162813       3105.291219754145         
30538.03702494952         -6970.823892062112        -665.524319340274         -1370.089008259769        1.012241047518314         -7.390328130077025        -0.8138792521425608       3193.921257276088         
30538.03800845432         -6857.25103182084         -1290.042022099927        -1433.703500960257        1.659623554149031         -7.298743890585518        -0.6822708606356895       3278.896072029602         
30538.03898903871         -6689.635668316367        -1902.475248071509        -1485.730020586074        2.295076888868907         -7.148959173900431        -0.5449667023699828       3363.618562789634         
30538.03983769215         -6501.5551477599          -2420.463202945975        -1521.203511774779        2.8328722558141           -6.972695430281178        -0.4220548497391214       3436.942220223136         
30538.04066784096         -6279.922603883808        -2913.161027600251        -1547.073795759764        3.344565762400819         -6.759151149850557        -0.2988983533114433       3508.667077298742         
30538.04148637515         -6026.043082673241        -3382.581606659356        -1563.853363750123        3.832078798562089         -6.509722293678688        -0.1753341280851377       3579.38843134325          
30538.0422300061          -5766.062477989582        -3792.66946691814         -1571.477327647625        4.257821420355121         -6.250653229599948        -0.06184060838275451      3643.638145714067         
30538.04303005164         -5456.501718741452        -4214.151340833792        -1571.510799889766        4.695064474490139         -5.938682029793802        0.06093338204941369       3712.762080214452         
30538.04386077366         -5103.975607346601        -4627.728061216131        -1562.559756966589        5.123545105832916         -5.579912025227836        0.1884269315241867        3784.536462393589         
30538.04461287708         -4759.104720779636        -4978.97003855542         -1546.580758568027        5.486757452028895         -5.226124129635272        0.303220385549678         3849.518198228907         
30538.0454033143          -4372.131754406184        -5322.392534946011        -1521.788287569927        5.840967137027696         -4.826504399492312        0.422555071813881         3917.811973846983         
30538.04625187704         -3930.973152168097        -5659.627319188019        -1486.177886949533        6.187487065963104         -4.368161381018021        0.5484155384984872        3991.127794620115         
30538.04711758893         -3456.130480682873        -5967.973301421813        -1440.453589977046        6.502605414228478         -3.872134492552602        0.6735843177496648        4065.92530180933          
30538.04804631023         -2922.296689390565        -6256.379049546529        -1381.166226256913        6.794987245172216         -3.311769065743053        0.8032621938578182        4146.166822104715         
30538.04891994311         -2400.444261838396        -6485.725373405093        -1316.09377874808         7.024767930034827         -2.761702170875659        0.920005862856451         4221.648703096434         
30538.04980852312         -1853.646851656488        -6675.658640652166        -1241.095129545685        7.211710995724309         -2.183359446588971        1.032673515248919         4298.422015865799         
30538.0504815465          -1430.97612880842         -6789.624778297484        -1178.677708470497        7.321054996754583         -1.735145703911722        1.113436605900107         4356.571235891897         
30538.05083989809         -1203.561097905722        -6839.613297796991        -1143.561947208208        7.367746700994569         -1.493627160739492        1.154699940436603         4387.53281357931          
30538.05121799117         -962.191073925692         -6884.219502597618        -1105.148573267885        7.408244942173589         -1.237042120964109        1.196857392327461         4420.200055860914         
30538.05191884744         -511.8875590228886        -6944.636220326491        -1030.400638573251        7.459347822865706         -0.7577532828797225       1.271076411658334         4480.754036782309         
30538.05266219435         -31.97867940550591        -6976.887476360391        -946.3931938465917        7.47934658668337          -0.2462238256307258       1.343913393232086         4544.979209883604         
30538.05338836147         437.0023283951435         -6976.633516195222        -860.0039899868798        7.464834390428313         0.2542422506412796        1.408884497885997         4607.720049668569         
30538.05419754935         957.193677516347          -6939.413841629127        -759.1896335108237        7.409184672729629         0.8098718986984961        1.473716728963835         4677.633882255759         
30538.05506831846         1510.933589482612         -6856.167495754047        -645.9794186539957        7.303311948363351         1.401749149177146         1.534173864843635         4752.868333552033         
30538.0558658362          2009.638798175383         -6741.149180531253        -538.6122426250666        7.165256246978233         1.935011107625753         1.580762711478092         4821.773865935393         
30538.05665354343         2491.57974330759          -6591.846223523414        -429.7031846188113        6.991273168339159         2.450404811220482         1.618299034259069         4889.831770397723         
30538.05748604342         2986.656833702511         -6396.451319929455        -312.1536137289935        6.768007877771005         2.979780985742845         1.648621385412021         4961.759769602213         
30538.05826910032         3436.437214864912         -6178.485779271328        -199.9013334868544        6.522447289681669         3.460560783762113         1.668254238820738         5029.415885859635         
30538.05900788968         3844.567923978112         -5943.580381203226        -93.03594888246501        6.260553877309875         3.896604662592721         1.678820186529532         5093.247286579572         
30538.05985989303         4293.259379387247         -5638.942331432811        30.70530100568972         5.923990464669957         4.375657683014566         1.681404235012114         5166.860376158729         
30538.06076567116         4741.624271539386         -5277.573538168233        162.0343312126212         5.528177510469739         4.853927828568104         1.672935587211282         5245.119606738444         
30538.06169428219         5167.621461966449         -4869.66689582516         295.5133611140887         5.084924740749574         5.30784837303214          1.652411186271442         5325.351599324495         
30538.06262085217         5555.839964235619         -4427.930701852301        426.5871478316923         4.60840001076318          5.721030873703263         1.620234043662525         5405.407245992683         
30538.06348577386         5882.728105023697         -3987.181674330927        546.221447054948          4.136046546797576         6.068545280148638         1.579951994244137         5480.136480065994         
30538.06456319736         6239.119260849993         -3404.169941106961        690.4553017681108         3.515421540527917         6.447004095969437         1.51646584316829          5573.225870600436         
30538.06561467678         6529.861605025975         -2803.997190040408        824.8920397919983         2.881005950737346         6.75547862698793          1.44097704542525          5664.073692122474         
30538.06672615778         6773.34473568047          -2142.286724374336        958.8953008085678         2.186335032474498         7.01379823508069          1.34758573293599          5760.105650871992         
30538.0678481892          6950.555982870766         -1452.620196635156        1084.43323661699          1.467276518785547         7.202186279443863         1.240246838296202         5857.049165479839         
30538.06899250806         7058.901280742045         -734.1690226454955        1201.135493045354         0.723270367239529         7.318358058875596         1.118551732028969         5955.91831431957          
30538.07009230643         7093.512474284001         -36.33903325073652        1301.450689522124         0.005334905833401481      7.357477871956461         0.9912713508026422        6050.940893485676         
30538.07046861133         7089.700783000894         202.8483834682112         1332.9405396914           -0.2397052983576662       7.354601877268647         0.9456393871324589        6083.45363738481          
30538.07058435207         7086.927526024555         276.3823353122934         1342.325843725252         -0.3149335563018709       7.352058680253043         0.9314062233541054        6093.45363752218          
30538.07096291936         7072.609582061793         516.6528532157683         1372.021501203923         -0.5603980572994991       7.338311583298458         0.8842293883472929        6126.161851279903         
30538.07194366125         6998.359731805705         1135.727519040992         1441.635679661987         -1.190463062241135        7.264342926121743         0.7579173000412358        6210.897950583603         
30538.07309169685         6844.309410907806         1849.168794515425         1509.21356850327          -1.912338945857347        7.108717155780531         0.6036422973008183        6310.088225849904         
30538.07425467364         6616.393639377688         2552.452635173871         1561.780829618339         -2.619520421574794        6.877501558950373         0.4418920324621998        6410.569421178661         
30538.07473504674         6501.772186629324         2835.524016391822         1578.711725193033         -2.902915238400301        6.761103733315514         0.3738734748691184        6452.073656616267         
30538.07522308833         6373.398430347146         3117.911490040824         1593.010128490666         -3.184904515952518        6.630712597661125         0.3042293969271506        6494.240449753124         
30538.07590756892         6173.610215899017         3504.159015060063         1608.096952531928         -3.569423874625378        6.427773427401012         0.2058771673105195        6553.379572753329         
30538.07693437709         5832.287400694693         4059.395698816181         1619.785813066533         -4.11971160589265         6.081115827784886         0.05755299450088602       6642.095799080562         
30538.07809280117         5390.62382762073          4646.089285016639         1617.172602126863         -4.697841946203399        5.632691051057927         -0.1096142563346532       6742.183639132418         
30538.07926823254         4885.889933050069         5192.581738406895         1597.496427261953         -5.232973061138122        5.120385686735858         -0.2774330718056141       6843.74090989586          
30538.08044607561         4328.464900613517         5685.295469807927         1560.847609179687         -5.712203538757926        4.554664883178438         -0.4421067785068248       6945.506551209837         
30538.0816298567          3722.219024852977         6120.043847293297         1507.378683634713         -6.131884083368094        3.939286801016576         -0.6024508107958118       7047.785236977506         
30538.08281610227         3075.01334284254          6490.422261516503         1437.681288532243         -6.486207439848063        3.281969046342886         -0.7563493998393037       7150.276854727417         
30538.08400015103         2396.319291585159         6791.139969056113         1352.794844890978         -6.770457400373598        2.591993842061652         -0.9016785720558512       7252.578667004127         
30538.08518806879         1689.87579486921          7020.463173633811         1253.179002084062         -6.983254258281101        1.872760364054144         -1.037722909833115        7355.214761628304         
30538.08637103518         968.4491768253831         7174.401835054136         1140.657357700139         -7.121080439583877        1.13682364163627          -1.16214129573135         7457.423057954293         
30538.08756146053         232.1459523629663         7252.677281414886         1015.215082899914         -7.183744300758099        0.3838103911319661        -1.274945849800631        7560.275808011647         
30538.08782972244         65.59421159577357         7259.596018462043         985.3899605859705         -7.187245958511304        0.2131686181183555        -1.298528655762171        7583.45363693079          
30538.08782972244         65.59421159577357         7259.596018462043         985.3899605859705         -7.187245958511304        0.2131686181183555        -1.298528655762171        7583.45363693079          
30538.08782972244         65.59421159577357         7259.596018462043         985.3899605859705         -7.187245958511304        0.2131686181183555        -1.298528655762171        7583.45363693079          
30538.08782972244         65.59421159577357         7259.596018462043         985.3899605859705         -7.187245958511304        0.2131686181183555        -1.298528655762171        7583.45363693079          
30538.08782972244         65.59421159577357         7259.596018462043         985.3899605859705         -7.187245958511304        0.2131686181183555        -1.298528655762171        7583.45363693079          
30538.08782972244         65.59421159577357         7259.596018462043         985.3899605859705         -7.187245958511304        0.2131686181183555        -1.298528655762171        7583.45363693079          
30538.08782972244         65.59421159577357         7259.596018462043         985.3899605859705         -7.187245958511304        0.2131686181183555        -1.298528655762171        7583.45363693079          
30538.08782972244         65.59421159577357         7259.596018462043         985.3899605859705         -7.187245958511304        0.2131686181183555        -1.298528655762171        7583.45363693079          
30538.08782972244         65.59421159577357         7259.596018462043         985.3899605859705         -7.187245958511304        0.2131686181183555        -1.298528655762171        7583.45363693079          
30538.08782972244         65.59421159577357         7259.596018462043         985.3899605859705         -7.187245958511304        0.2131686181183555        -1.298528655762171        7583.45363693079          
30538.08782972244         65.59421159577357         7259.596018462043         985.3899605859705         -7.187245958511304        0.2131686181183555        -1.298528655762171        7583.45363693079          
30538.08782972244         65.59421159577357         7259.596018462043         985.3899605859705         -7.187245958511304        0.2131686181183555        -1.298528655762171        7583.45363693079          
30538.08782972244         65.59421159577357         7259.596018462043         985.3899605859705         -7.187245958511304        0.2131686181183555        -1.298528655762171        7583.45363693079          
30538.08782972244         65.59421159577357         7259.596018462043         985.3899605859705         -7.187245958511304        0.2131686181183555        -1.298528655762171        7583.45363693079          
30538.08782972244         65.59421159577357         7259.596018462043         985.3899605859705         -7.187245958511304        0.2131686181183555        -1.298528655762171        7583.45363693079          
30538.08782972244         65.59421159577357         7259.596018462043         985.3899605859705         -7.187245958511304        0.2131686181183555        -1.298528655762171        7583.45363693079          
30538.08782972244         65.59421159577357         7259.596018462043         985.3899605859705         -7.187245958511304        0.2131686181183555        -1.298528655762171        7583.45363693079          
30538.08782972244         65.59421159577357         7259.596018462043         985.3899605859705         -7.187245958511304        0.2131686181183555        -1.298528655762171        7583.45363693079          
30538.08782972244         65.59421159577357         7259.596018462043         985.3899605859705         -7.187245958511304        0.2131686181183555        -1.298528655762171        7583.45363693079          
30538.08782972244         65.59421159577357         7259.596018462043         985.3899605859705         -7.187245958511304        0.2131686181183555        -1.298528655762171        7583.45363693079          
30538.08782972244         65.59421159577357         7259.596018462043         985.3899605859705         -7.187245958511304        0.2131686181183555        -1.298528655762171        7583.45363693079          
30538.08782972244         65.59421159577357         7259.596018462043         985.3899605859705         -7.187245958511304        0.2131686181183555        -1.298528655762171        7583.45363693079          
30538.08782972244         65.59421159577357         7259.596018462043         985.3899605859705         -7.187245958511304        0.2131686181183555        -1.298528655762171        7583.45363693079          
30538.08782972244         65.59421159577357         7259.596018462043         985.3899605859705         -7.187245958511304        0.2131686181183555        -1.298528655762171        7583.45363693079          
30538.08782972244         65.59421159577357         7259.596018462043         985.3899605859705         -7.187245958511304        0.2131686181183555        -1.298528655762171        7583.45363693079          
30538.08782972244         65.59421159577357         7259.596018462043         985.3899605859705         -7.187245958511304        0.2131686181183555        -1.298528655762171        7583.45363693079          
30538.08782972244         65.59421159577357         7259.596018462043         985.3899605859705         -7.187245958511304        0.2131686181183555        -1.298528655762171        7583.45363693079          
30538.08782972244         65.59421159577357         7259.596018462043         985.3899605859705         -7.187245958511304        0.2131686181183555        -1.298528655762171        7583.45363693079          
30538.08782972244         65.59421159577357         7259.596018462043         985.3899605859705         -7.187245958511304        0.2131686181183555        -1.298528655762171        7583.45363693079          
30538.08782972244         65.59421159577357         7259.596018462043         985.3899605859705         -7.187245958511304        0.2131686181183555        -1.298528655762171        7583.45363693079          
30538.08782972244         65.59421159577357         7259.596018462043         985.3899605859705         -7.187245958511304        0.2131686181183555        -1.298528655762171        7583.45363693079          
30538.08782972244         65.59421159577357         7259.596018462043         985.3899605859705         -7.187245958511304        0.2131686181183555        -1.298528655762171        7583.45363693079          
30538.08782972244         65.59421159577357         7259.596018462043         985.3899605859705         -7.187245958511304        0.2131686181183555        -1.298528655762171        7583.45363693079          
30538.08782972244         65.59421159577357         7259.596018462043         985.3899605859705         -7.187245958511304        0.2131686181183555        -1.298528655762171        7583.45363693079          
30538.08782972244         65.59421159577357         7259.596018462043         985.3899605859705         -7.187245958511304        0.2131686181183555        -1.298528655762171        7583.45363693079          
30538.08782972244         65.59421159577357         7259.596018462043         985.3899605859705         -7.187245958511304        0.2131686181183555        -1.298528655762171        7583.45363693079          
30538.08782972244         65.59421159577357         7259.596018462043         985.3899605859705         -7.187245958511304        0.2131686181183555        -1.298528655762171        7583.45363693079          
30538.08782972244         65.59421159577357         7259.596018462043         985.3899605859705         -7.187245958511304        0.2131686181183555        -1.298528655762171        7583.45363693079          
30538.08782972244         65.59421159577357         7259.596018462043         985.3899605859705         -7.187245958511304        0.2131686181183555        -1.298528655762171        7583.45363693079          
30538.08782972244         65.59421159577357         7259.596018462043         985.3899605859705         -7.187245958511304        0.2131686181183555        -1.298528655762171        7583.45363693079          
30538.08782972244         65.59421159577357         7259.596018462043         985.3899605859705         -7.187245958511304        0.2131686181183555        -1.298528655762171        7583.45363693079          
30538.08782972244         65.59421159577357         7259.596018462043         985.3899605859705         -7.187245958511304        0.2131686181183555        -1.298528655762171        7583.45363693079          
30538.08782972244         65.59421159577357         7259.596018462043         985.3899605859705         -7.187245958511304        0.2131686181183555        -1.298528655762171        7583.45363693079          
30538.08782972244         65.59421159577357         7259.596018462043         985.3899605859705         -7.187245958511304        0.2131686181183555        -1.298528655762171        7583.45363693079          
30538.08782972244         65.59421159577357         7259.596018462043         985.3899605859705         -7.187245958511304        0.2131686181183555        -1.298528655762171        7583.45363693079          
30538.08782972244         65.59421159577357         7259.596018462043         985.3899605859705         -7.187245958511304        0.2131686181183555        -1.298528655762171        7583.45363693079          
30538.08782972244         65.59421159577357         7259.596018462043         985.3899605859705         -7.187245958511304        0.2131686181183555        -1.298528655762171        7583.45363693079          
30538.08782972244         65.59421159577357         7259.596018462043         985.3899605859705         -7.187245958511304        0.2131686181183555        -1.298528655762171        7583.45363693079          
30538.08782972244         65.59421159577357         7259.596018462043         985.3899605859705         -7.187245958511304        0.2131686181183555        -1.298528655762171        7583.45363693079          
30538.08782972244         65.59421159577357         7259.596018462043         985.3899605859705         -7.187245958511304        0.2131686181183555        -1.298528655762171        7583.45363693079          
30538.08782972244         65.59421159577357         7259.596018462043         985.3899605859705         -7.187245958511304        0.2131686181183555        -1.298528655762171        7583.45363693079          
30538.08782972244         65.59421159577357         7259.596018462043         985.3899605859705         -7.187245958511304        0.2131686181183555        -1.298528655762171        7583.45363693079          
30538.08782972244         65.59421159577357         7259.596018462043         985.3899605859705         -7.187245958511304        0.2131686181183555        -1.298528655762171        7583.45363693079          
30538.08782972244         65.59421159577357         7259.596018462043         985.3899605859705         -7.187245958511304        0.2131686181183555        -1.298528655762171        7583.45363693079          
30538.08782972244         65.59421159577357         7259.596018462043         985.3899605859705         -7.187245958511304        0.2131686181183555        -1.298528655762171        7583.45363693079          
30538.08782972244         65.59421159577357         7259.596018462043         985.3899605859705         -7.187245958511304        0.2131686181183555        -1.298528655762171        7583.45363693079          
30538.08782972244         65.59421159577357         7259.596018462043         985.3899605859705         -7.187245958511304        0.2131686181183555        -1.298528655762171        7583.45363693079          
30538.08782972244         65.59421159577357         7259.596018462043         985.3899605859705         -7.187245958511304        0.2131686181183555        -1.298528655762171        7583.45363693079          
30538.08782972244         65.59421159577357         7259.596018462043         985.3899605859705         -7.187245958511304        0.2131686181183555        -1.298528655762171        7583.45363693079          
30538.08782972244         65.59421159577357         7259.596018462043         985.3899605859705         -7.187245958511304        0.2131686181183555        -1.298528655762171        7583.45363693079          
30538.08782972244         65.59421159577357         7259.596018462043         985.3899605859705         -7.187245958511304        0.2131686181183555        -1.298528655762171        7583.45363693079          
30538.08782972244         65.59421159577357         7259.596018462043         985.3899605859705         -7.187245958511304        0.2131686181183555        -1.298528655762171        7583.45363693079          
30538.08782972244         65.59421159577357         7259.596018462043         985.3899605859705         -7.187245958511304        0.2131686181183555        -1.298528655762171        7583.45363693079          
30538.08782972244         65.59421159577357         7259.596018462043         985.3899605859705         -7.187245958511304        0.2131686181183555        -1.298528655762171        7583.45363693079          
30538.08782972244         65.59421159577357         7259.596018462043         985.3899605859705         -7.187245958511304        0.2131686181183555        -1.298528655762171        7583.45363693079          
30538.08782972244         65.59421159577357         7259.596018462043         985.3899605859705         -7.187245958511304        0.2131686181183555        -1.298528655762171        7583.45363693079          
30538.08782972244         65.59421159577357         7259.596018462043         985.3899605859705         -7.187245958511304        0.2131686181183555        -1.298528655762171        7583.45363693079          
30538.08782972244         65.59421159577357         7259.596018462043         985.3899605859705         -7.187245958511304        0.2131686181183555        -1.298528655762171        7583.45363693079          
30538.08782972244         65.59421159577357         7259.596018462043         985.3899605859705         -7.187245958511304        0.2131686181183555        -1.298528655762171        7583.45363693079          
30538.08782972244         65.59421159577357         7259.596018462043         985.3899605859705         -7.187245958511304        0.2131686181183555        -1.298528655762171        7583.45363693079          
30538.08782972244         65.59421159577357         7259.596018462043         985.3899605859705         -7.187245958511304        0.2131686181183555        -1.298528655762171        7583.45363693079          
30538.08782972244         65.59421159577357         7259.596018462043         985.3899605859705         -7.187245958511304        0.2131686181183555        -1.298528655762171        7583.45363693079          
30538.08782972244         65.59421159577357         7259.596018462043         985.3899605859705         -7.187245958511304        0.2131686181183555        -1.298528655762171        7583.45363693079          
30538.08782972244         65.59421159577357         7259.596018462043         985.3899605859705         -7.187245958511304        0.2131686181183555        -1.298528655762171        7583.45363693079          
30538.08782972244         65.59421159577357         7259.596018462043         985.3899605859705         -7.187245958511304        0.2131686181183555        -1.298528655762171        7583.45363693079          
30538.08782972244         65.59421159577357         7259.596018462043         985.3899605859705         -7.187245958511304        0.2131686181183555        -1.298528655762171        7583.45363693079          
30538.08782972244         65.59421159577357         7259.596018462043         985.3899605859705         -7.187245958511304        0.2131686181183555        -1.298528655762171        7583.45363693079          
30538.08782972244         65.59421159577357         7259.596018462043         985.3899605859705         -7.187245958511304        0.2131686181183555        -1.298528655762171        7583.45363693079          
30538.08782972244         65.59421159577357         7259.596018462043         985.3899605859705         -7.187245958511304        0.2131686181183555        -1.298528655762171        7583.45363693079          
30538.08782972244         65.59421159577357         7259.596018462043         985.3899605859705         -7.187245958511304        0.2131686181183555        -1.298528655762171        7583.45363693079          
30538.08782972244         65.59421159577357         7259.596018462043         985.3899605859705         -7.187245958511304        0.2131686181183555        -1.298528655762171        7583.45363693079          
30538.08782972244         65.59421159577357         7259.596018462043         985.3899605859705         -7.187245958511304        0.2131686181183555        -1.298528655762171        7583.45363693079          
30538.08782972244         65.59421159577357         7259.596018462043         985.3899605859705         -7.187245958511304        0.2131686181183555        -1.298528655762171        7583.45363693079          
30538.08782972244         65.59421159577357         7259.596018462043         985.3899605859705         -7.187245958511304        0.2131686181183555        -1.298528655762171        7583.45363693079          
30538.08782972244         65.59421159577357         7259.596018462043         985.3899605859705         -7.187245958511304        0.2131686181183555        -1.298528655762171        7583.45363693079          
30538.08782972244         65.59421159577357         7259.596018462043         985.3899605859705         -7.187245958511304        0.2131686181183555        -1.298528655762171        7583.45363693079          
30538.08782972244         65.59421159577357         7259.596018462043         985.3899605859705         -7.187245958511304        0.2131686181183555        -1.298528655762171        7583.45363693079          
30538.08782972244         65.59421159577357         7259.596018462043         985.3899605859705         -7.187245958511304        0.2131686181183555        -1.298528655762171        7583.45363693079          
30538.08782972244         65.59421159577357         7259.596018462043         985.3899605859705         -7.187245958511304        0.2131686181183555        -1.298528655762171        7583.45363693079          
30538.08782972244         65.59421159577357         7259.596018462043         985.3899605859705         -7.187245958511304        0.2131686181183555        -1.298528655762171        7583.45363693079          
30538.08782972244         65.59421159577357         7259.596018462043         985.3899605859705         -7.187245958511304        0.2131686181183555        -1.298528655762171        7583.45363693079          
30538.08782972244         65.59421159577357         7259.596018462043         985.3899605859705         -7.187245958511304        0.2131686181183555        -1.298528655762171        7583.45363693079          
30538.08782972244         65.59421159577357         7259.596018462043         985.3899605859705         -7.187245958511304        0.2131686181183555        -1.298528655762171        7583.45363693079          
30538.08782972244         65.59421159577357         7259.596018462043         985.3899605859705         -7.187245958511304        0.2131686181183555        -1.298528655762171        7583.45363693079          
30538.08782972244         65.59421159577357         7259.596018462043         985.3899605859705         -7.187245958511304        0.2131686181183555        -1.298528655762171        7583.45363693079          
30538.08782972244         65.59421159577357         7259.596018462043         985.3899605859705         -7.187245958511304        0.2131686181183555        -1.298528655762171        7583.45363693079          
30538.08782972244         65.59421159577357         7259.596018462043         985.3899605859705         -7.187245958511304        0.2131686181183555        -1.298528655762171        7583.45363693079          
30538.08782972244         65.59421159577357         7259.596018462043         985.3899605859705         -7.187245958511304        0.2131686181183555        -1.298528655762171        7583.45363693079          
30538.08782972244         65.59421159577357         7259.596018462043         985.3899605859705         -7.187245958511304        0.2131686181183555        -1.298528655762171        7583.45363693079          
30538.08782972244         65.59421159577357         7259.596018462043         985.3899605859705         -7.187245958511304        0.2131686181183555        -1.298528655762171        7583.45363693079          
30538.08782972244         65.59421159577357         7259.596018462043         985.3899605859705         -7.187245958511304        0.2131686181183555        -1.298528655762171        7583.45363693079          
30538.08782972244         65.59421159577357         7259.596018462043         985.3899605859705         -7.187245958511304        0.2131686181183555        -1.298528655762171        7583.45363693079          
30538.08782972244         65.59421159577357         7259.596018462043         985.3899605859705         -7.187245958511304        0.2131686181183555        -1.298528655762171        7583.45363693079          
30538.08782972244         65.59421159577357         7259.596018462043         985.3899605859705         -7.187245958511304        0.2131686181183555        -1.298528655762171        7583.45363693079          
30538.08782972244         65.59421159577357         7259.596018462043         985.3899605859705         -7.187245958511304        0.2131686181183555        -1.298528655762171        7583.45363693079          
30538.08782972244         65.59421159577357         7259.596018462043         985.3899605859705         -7.187245958511304        0.2131686181183555        -1.298528655762171        7583.45363693079          
30538.08782972244         65.59421159577357         7259.596018462043         985.3899605859705         -7.187245958511304        0.2131686181183555        -1.298528655762171        7583.45363693079          
30538.08782972244         65.59421159577357         7259.596018462043         985.3899605859705         -7.187245958511304        0.2131686181183555        -1.298528655762171        7583.45363693079          
30538.08782972244         65.59421159577357         7259.596018462043         985.3899605859705         -7.187245958511304        0.2131686181183555        -1.298528655762171        7583.45363693079          
30538.08782972244         65.59421159577357         7259.596018462043         985.3899605859705         -7.187245958511304        0.2131686181183555        -1.298528655762171        7583.45363693079          
30538.08782972244         65.59421159577357         7259.596018462043         985.3899605859705         -7.187245958511304        0.2131686181183555        -1.298528655762171        7583.45363693079          
30538.08782972244         65.59421159577357         7259.596018462043         985.3899605859705         -7.187245958511304        0.2131686181183555        -1.298528655762171        7583.45363693079          
30538.08782972244         65.59421159577357         7259.596018462043         985.3899605859705         -7.187245958511304        0.2131686181183555        -1.298528655762171        7583.45363693079          
30538.08782972244         65.59421159577357         7259.596018462043         985.3899605859705         -7.187245958511304        0.2131686181183555        -1.298528655762171        7583.45363693079          
30538.08782972244         65.59421159577357         7259.596018462043         985.3899605859705         -7.187245958511304        0.2131686181183555        -1.298528655762171        7583.45363693079          
30538.08782972244         65.59421159577357         7259.596018462043         985.3899605859705         -7.187245958511304        0.2131686181183555        -1.298528655762171        7583.45363693079          
30538.08782972244         65.59421159577357         7259.596018462043         985.3899605859705         -7.187245958511304        0.2131686181183555        -1.298528655762171        7583.45363693079          
30538.08782972244         65.59421159577357         7259.596018462043         985.3899605859705         -7.187245958511304        0.2131686181183555        -1.298528655762171        7583.45363693079          
30538.08782972244         65.59421159577357         7259.596018462043         985.3899605859705         -7.187245958511304        0.2131686181183555        -1.298528655762171        7583.45363693079          
30538.08782972244         65.59421159577357         7259.596018462043         985.3899605859705         -7.187245958511304        0.2131686181183555        -1.298528655762171        7583.45363693079          
30538.08782972244         65.59421159577357         7259.596018462043         985.3899605859705         -7.187245958511304        0.2131686181183555        -1.298528655762171        7583.45363693079          
30538.08782972244         65.59421159577357         7259.596018462043         985.3899605859705         -7.187245958511304        0.2131686181183555        -1.298528655762171        7583.45363693079          
30538.08782972244         65.59421159577357         7259.596018462043         985.3899605859705         -7.187245958511304        0.2131686181183555        -1.298528655762171        7583.45363693079          
30538.08782972244         65.59421159577357         7259.596018462043         985.3899605859705         -7.187245958511304        0.2131686181183555        -1.298528655762171        7583.45363693079          
30538.08782972244         65.59421159577357         7259.596018462043         985.3899605859705         -7.187245958511304        0.2131686181183555        -1.298528655762171        7583.45363693079          
30538.08782972244         65.59421159577357         7259.596018462043         985.3899605859705         -7.187245958511304        0.2131686181183555        -1.298528655762171        7583.45363693079          
30538.08782972244         65.59421159577357         7259.596018462043         985.3899605859705         -7.187245958511304        0.2131686181183555        -1.298528655762171        7583.45363693079          
30538.08782972244         65.59421159577357         7259.596018462043         985.3899605859705         -7.187245958511304        0.2131686181183555        -1.298528655762171        7583.45363693079          
30538.08782972244         65.59421159577357         7259.596018462043         985.3899605859705         -7.187245958511304        0.2131686181183555        -1.298528655762171        7583.45363693079          
30538.08782972244         65.59421159577357         7259.596018462043         985.3899605859705         -7.187245958511304        0.2131686181183555        -1.298528655762171        7583.45363693079          
30538.08782972244         65.59421159577357         7259.596018462043         985.3899605859705         -7.187245958511304        0.2131686181183555        -1.298528655762171        7583.45363693079          
30538.08782972244         65.59421159577357         7259.596018462043         985.3899605859705         -7.187245958511304        0.2131686181183555        -1.298528655762171        7583.45363693079          
30538.08782972244         65.59421159577357         7259.596018462043         985.3899605859705         -7.187245958511304        0.2131686181183555        -1.298528655762171        7583.45363693079          
30538.08782972244         65.59421159577357         7259.596018462043         985.3899605859705         -7.187245958511304        0.2131686181183555        -1.298528655762171        7583.45363693079          
30538.08782972244         65.59421159577357         7259.596018462043         985.3899605859705         -7.187245958511304        0.2131686181183555        -1.298528655762171        7583.45363693079          
30538.08782972244         65.59421159577357         7259.596018462043         985.3899605859705         -7.187245958511304        0.2131686181183555        -1.298528655762171        7583.45363693079          
30538.08782972244         65.59421159577357         7259.596018462043         985.3899605859705         -7.187245958511304        0.2131686181183555        -1.298528655762171        7583.45363693079          
30538.08782972244         65.59421159577357         7259.596018462043         985.3899605859705         -7.187245958511304        0.2131686181183555        -1.298528655762171        7583.45363693079          
30538.08782972244         65.59421159577357         7259.596018462043         985.3899605859705         -7.187245958511304        0.2131686181183555        -1.298528655762171        7583.45363693079          
30538.08782972244         65.59421159577357         7259.596018462043         985.3899605859705         -7.187245958511304        0.2131686181183555        -1.298528655762171        7583.45363693079          
30538.08782972244         65.59421159577357         7259.596018462043         985.3899605859705         -7.187245958511304        0.2131686181183555        -1.298528655762171        7583.45363693079          
30538.08782972244         65.59421159577357         7259.596018462043         985.3899605859705         -7.187245958511304        0.2131686181183555        -1.298528655762171        7583.45363693079          
30538.08782972244         65.59421159577357         7259.596018462043         985.3899605859705         -7.187245958511304        0.2131686181183555        -1.298528655762171        7583.45363693079          
30538.08782972244         65.59421159577357         7259.596018462043         985.3899605859705         -7.187245958511304        0.2131686181183555        -1.298528655762171        7583.45363693079          
30538.08782972244         65.59421159577357         7259.596018462043         985.3899605859705         -7.187245958511304        0.2131686181183555        -1.298528655762171        7583.45363693079          
30538.08782972244         65.59421159577357         7259.596018462043         985.3899605859705         -7.187245958511304        0.2131686181183555        -1.298528655762171        7583.45363693079          
30538.08782972244         65.59421159577357         7259.596018462043         985.3899605859705         -7.187245958511304        0.2131686181183555        -1.298528655762171        7583.45363693079          
30538.08782972244         65.59421159577357         7259.596018462043         985.3899605859705         -7.187245958511304        0.2131686181183555        -1.298528655762171        7583.45363693079          
30538.08782972244         65.59421159577357         7259.596018462043         985.3899605859705         -7.187245958511304        0.2131686181183555        -1.298528655762171        7583.45363693079          
30538.08782972244         65.59421159577357         7259.596018462043         985.3899605859705         -7.187245958511304        0.2131686181183555        -1.298528655762171        7583.45363693079          
30538.08782972244         65.59421159577357         7259.596018462043         985.3899605859705         -7.187245958511304        0.2131686181183555        -1.298528655762171        7583.45363693079          
30538.08782972244         65.59421159577357         7259.596018462043         985.3899605859705         -7.187245958511304        0.2131686181183555        -1.298528655762171        7583.45363693079          
30538.08782972244         65.59421159577357         7259.596018462043         985.3899605859705         -7.187245958511304        0.2131686181183555        -1.298528655762171        7583.45363693079          
30538.08782972244         65.59421159577357         7259.596018462043         985.3899605859705         -7.187245958511304        0.2131686181183555        -1.298528655762171        7583.45363693079          
30538.08782972244         65.59421159577357         7259.596018462043         985.3899605859705         -7.187245958511304        0.2131686181183555        -1.298528655762171        7583.45363693079          
30538.08782972244         65.59421159577357         7259.596018462043         985.3899605859705         -7.187245958511304        0.2131686181183555        -1.298528655762171        7583.45363693079          
30538.08782972244         65.59421159577357         7259.596018462043         985.3899605859705         -7.187245958511304        0.2131686181183555        -1.298528655762171        7583.45363693079          
30538.08782972244         65.59421159577357         7259.596018462043         985.3899605859705         -7.187245958511304        0.2131686181183555        -1.298528655762171        7583.45363693079          
30538.08782972244         65.59421159577357         7259.596018462043         985.3899605859705         -7.187245958511304        0.2131686181183555        -1.298528655762171        7583.45363693079          
30538.08782972244         65.59421159577357         7259.596018462043         985.3899605859705         -7.187245958511304        0.2131686181183555        -1.298528655762171        7583.45363693079          
30538.08782972244         65.59421159577357         7259.596018462043         985.3899605859705         -7.187245958511304        0.2131686181183555        -1.298528655762171        7583.45363693079          
30538.08782972244         65.59421159577357         7259.596018462043         985.3899605859705         -7.187245958511304        0.2131686181183555        -1.298528655762171        7583.45363693079          
30538.08782972244         65.59421159577357         7259.596018462043         985.3899605859705         -7.187245958511304        0.2131686181183555        -1.298528655762171        7583.45363693079          
30538.08782972244         65.59421159577357         7259.596018462043         985.3899605859705         -7.187245958511304        0.2131686181183555        -1.298528655762171        7583.45363693079          
30538.08782972244         65.59421159577357         7259.596018462043         985.3899605859705         -7.187245958511304        0.2131686181183555        -1.298528655762171        7583.45363693079          
30538.08782972244         65.59421159577357         7259.596018462043         985.3899605859705         -7.187245958511304        0.2131686181183555        -1.298528655762171        7583.45363693079          
30538.08782972244         65.59421159577357         7259.596018462043         985.3899605859705         -7.187245958511304        0.2131686181183555        -1.298528655762171        7583.45363693079          
30538.08782972244         65.59421159577357         7259.596018462043         985.3899605859705         -7.187245958511304        0.2131686181183555        -1.298528655762171        7583.45363693079          
30538.08782972244         65.59421159577357         7259.596018462043         985.3899605859705         -7.187245958511304        0.2131686181183555        -1.298528655762171        7583.45363693079          
30538.08782972244         65.59421159577357         7259.596018462043         985.3899605859705         -7.187245958511304        0.2131686181183555        -1.298528655762171        7583.45363693079          
30538.08782972244         65.59421159577357         7259.596018462043         985.3899605859705         -7.187245958511304        0.2131686181183555        -1.298528655762171        7583.45363693079          
30538.08782972244         65.59421159577357         7259.596018462043         985.3899605859705         -7.187245958511304        0.2131686181183555        -1.298528655762171        7583.45363693079          
30538.08782972244         65.59421159577357         7259.596018462043         985.3899605859705         -7.187245958511304        0.2131686181183555        -1.298528655762171        7583.45363693079          
30538.08782972244         65.59421159577357         7259.596018462043         985.3899605859705         -7.187245958511304        0.2131686181183555        -1.298528655762171        7583.45363693079          
30538.08782972244         65.59421159577357         7259.596018462043         985.3899605859705         -7.187245958511304        0.2131686181183555        -1.298528655762171        7583.45363693079          
30538.08782972244         65.59421159577357         7259.596018462043         985.3899605859705         -7.187245958511304        0.2131686181183555        -1.298528655762171        7583.45363693079          
30538.08782972244         65.59421159577357         7259.596018462043         985.3899605859705         -7.187245958511304        0.2131686181183555        -1.298528655762171        7583.45363693079          
30538.08782972244         65.59421159577357         7259.596018462043         985.3899605859705         -7.187245958511304        0.2131686181183555        -1.298528655762171        7583.45363693079          
30538.08782972244         65.59421159577357         7259.596018462043         985.3899605859705         -7.187245958511304        0.2131686181183555        -1.298528655762171        7583.45363693079          
30538.08782972244         65.59421159577357         7259.596018462043         985.3899605859705         -7.187245958511304        0.2131686181183555        -1.298528655762171        7583.45363693079          
30538.08782972244         65.59421159577357         7259.596018462043         985.3899605859705         -7.187245958511304        0.2131686181183555        -1.298528655762171        7583.45363693079          
30538.08782972244         65.59421159577357         7259.596018462043         985.3899605859705         -7.187245958511304        0.2131686181183555        -1.298528655762171        7583.45363693079          
30538.08782972244         65.59421159577357         7259.596018462043         985.3899605859705         -7.187245958511304        0.2131686181183555        -1.298528655762171        7583.45363693079          
30538.08782972244         65.59421159577357         7259.596018462043         985.3899605859705         -7.187245958511304        0.2131686181183555        -1.298528655762171        7583.45363693079          
30538.08782972244         65.59421159577357         7259.596018462043         985.3899605859705         -7.187245958511304        0.2131686181183555        -1.298528655762171        7583.45363693079          
30538.08782972244         65.59421159577357         7259.596018462043         985.3899605859705         -7.187245958511304        0.2131686181183555        -1.298528655762171        7583.45363693079          
30538.08782972244         65.59421159577357         7259.596018462043         985.3899605859705         -7.187245958511304        0.2131686181183555        -1.298528655762171        7583.45363693079          
30538.08782972244         65.59421159577357         7259.596018462043         985.3899605859705         -7.187245958511304        0.2131686181183555        -1.298528655762171        7583.45363693079          
30538.08782972244         65.59421159577357         7259.596018462043         985.3899605859705         -7.187245958511304        0.2131686181183555        -1.298528655762171        7583.45363693079          
30538.08782972244         65.59421159577357         7259.596018462043         985.3899605859705         -7.187245958511304        0.2131686181183555        -1.298528655762171        7583.45363693079          
30538.08782972244         65.59421159577357         7259.596018462043         985.3899605859705         -7.187245958511304        0.2131686181183555        -1.298528655762171        7583.45363693079          
30538.08782972244         65.59421159577357         7259.596018462043         985.3899605859705         -7.187245958511304        0.2131686181183555        -1.298528655762171        7583.45363693079          
30538.08782972244         65.59421159577357         7259.596018462043         985.3899605859705         -7.187245958511304        0.2131686181183555        -1.298528655762171        7583.45363693079          
30538.08782972244         65.59421159577357         7259.596018462043         985.3899605859705         -7.187245958511304        0.2131686181183555        -1.298528655762171        7583.45363693079          
30538.08782972244         65.59421159577357         7259.596018462043         985.3899605859705         -7.187245958511304        0.2131686181183555        -1.298528655762171        7583.45363693079          
